232,0.0,26.0,93.0,57.0,-167.0,439334.0,15117.0,6006.0,3533.0,3426.0,5071.0,1895.0,1014.0,1
1218,0.0,51.0,93.0,57.0,-936.0,849509.0,220557.0,324720.0,214583.0,77913.0,149517.0,107532.0,15075.0,1
2222,0.0,26.0,93.0,57.0,-1877.0,866456.0,16851.0,5486.0,22017.0,22895.0,17445.0,7046.0,7257.0,1
3222,0.0,51.0,93.0,57.0,-21.0,779389.0,93080.0,20789.0,33736.0,10913.0,13781.0,13266.0,6083.0,1
4205,0.0,26.0,93.0,57.0,444.0,585356.0,41023.0,8521.0,19827.0,13347.0,7613.0,17277.0,645.0,1
5211,0.0,0.0,60.0,38.0,-598.0,1075401.0,269318.0,17000.0,40165.0,27618.0,16852.0,119319.0,5470.0,0
6198,0.0,0.0,47.0,40.0,525.0,2009021.0,1491525.0,77451.0,574533.0,43639.0,310881.0,74498.0,56357.0,0
7203,0.0,0.0,41.0,26.0,-356.0,586862.0,208604.0,51069.0,41750.0,32232.0,27549.0,8055.0,3554.0,0
8191,0.0,0.0,27.0,37.0,265.0,1074040.0,53138.0,42527.0,11527.0,13876.0,11175.0,9811.0,2525.0,0
9192,0.0,0.0,30.0,75.0,-39.0,1001373.0,58360.0,64654.0,17215.0,22534.0,9351.0,11859.0,2789.0,0
10177,0.0,0.0,34.0,57.0,471.0,629871.0,407200.0,28856.0,69958.0,136716.0,81427.0,60934.0,24988.0,0
11184,0.0,0.0,38.0,70.0,102.0,729365.0,208418.0,149658.0,78267.0,113502.0,54847.0,24274.0,13168.0,0
12178,0.0,0.0,47.0,77.0,259.0,511704.0,111750.0,100471.0,106216.0,74612.0,51083.0,31724.0,8089.0,0
13178,0.0,0.0,60.0,78.0,-1.0,2239338.0,139850.0,44935.0,231273.0,81899.0,71411.0,21027.0,8690.0,0
14172,0.0,0.0,44.0,78.0,117.0,107712.0,63623.0,3251.0,1504.0,7607.0,3832.0,4752.0,775.0,0
15160,0.0,0.0,30.0,80.0,-173.0,542911.0,100342.0,59958.0,20662.0,20943.0,9968.0,8907.0,2868.0,0
16162,0.0,0.0,35.0,78.0,147.0,48152.0,18252.0,12633.0,12628.0,4105.0,8831.0,3067.0,931.0,0
17150,0.0,0.0,38.0,61.0,-23.0,113565.0,12100.0,3718.0,4451.0,7573.0,3851.0,3577.0,1487.0,0
18155,0.0,0.0,35.0,84.0,65.0,372379.0,26895.0,5148.0,3648.0,1902.0,1615.0,1058.0,338.0,0
19158,0.0,0.0,40.0,74.0,-174.0,268701.0,57377.0,4406.0,13478.0,10213.0,5287.0,5380.0,2257.0,0
20145,0.0,0.0,23.0,64.0,-13.0,1048041.0,294451.0,121893.0,38187.0,28611.0,30967.0,24301.0,7244.0,0
21141,0.0,0.0,11.0,70.0,73.0,1108536.0,357358.0,176483.0,65944.0,54567.0,58837.0,16826.0,7582.0,0
22140,0.0,0.0,35.0,64.0,-250.0,772599.0,291488.0,38711.0,45351.0,79961.0,69154.0,8817.0,13834.0,0
23139,0.0,0.0,40.0,70.0,457.0,1215664.0,284667.0,126289.0,42303.0,67943.0,42362.0,16540.0,16776.0,0
24127,0.0,0.0,40.0,66.0,-34.0,89062.0,16727.0,7416.0,2762.0,10342.0,1994.0,1355.0,1594.0,0
25126,0.0,0.0,27.0,69.0,119.0,522703.0,72021.0,11537.0,43824.0,10843.0,6498.0,3945.0,2362.0,0
26118,0.0,0.0,23.0,90.0,-301.0,585490.0,120925.0,33382.0,89667.0,32226.0,32024.0,12366.0,6972.0,0
27115,0.0,0.0,7.0,87.0,408.0,1177021.0,676955.0,62126.0,169151.0,30007.0,19239.0,30596.0,12798.0,0
28116,0.0,0.0,13.0,94.0,-228.0,2017646.0,322545.0,163335.0,76300.0,27133.0,53694.0,18657.0,5648.0,0
29109,0.0,0.0,26.0,81.0,105.0,625220.0,32223.0,8748.0,3605.0,13156.0,3887.0,6330.0,932.0,0
30112,0.0,0.0,26.0,48.0,-141.0,1653812.0,518159.0,28069.0,22398.0,92159.0,65484.0,8846.0,3226.0,1
31100,0.0,0.0,48.0,54.0,83.0,443262.0,294876.0,96054.0,142579.0,133556.0,59444.0,14754.0,8521.0,1
32097,0.0,0.0,35.0,41.0,-121.0,686748.0,293822.0,26485.0,73380.0,85340.0,14375.0,19231.0,8429.0,1
33093,0.0,0.0,16.0,61.0,130.0,2923576.0,748779.0,485431.0,512763.0,219355.0,47319.0,36681.0,27586.0,1
34091,0.0,0.0,23.0,81.0,-69.0,875313.0,229822.0,18739.0,66266.0,24217.0,56543.0,25766.0,6570.0,1
35087,0.0,0.0,20.0,78.0,-7.0,495264.0,170509.0,45778.0,55601.0,58346.0,23849.0,20002.0,5344.0,1
36081,0.0,0.0,24.0,91.0,109.0,65618.0,77516.0,24854.0,33429.0,5660.0,7853.0,3797.0,909.0,1
37083,0.0,0.0,34.0,77.0,-132.0,28064.0,97138.0,30208.0,11040.0,18217.0,6724.0,3816.0,1164.0,1
38072,0.0,0.0,26.0,64.0,232.0,1551856.0,250071.0,35654.0,15184.0,85039.0,30922.0,18074.0,12519.0,1
39072,0.0,0.0,41.0,64.0,100.0,2012431.0,172651.0,49547.0,49275.0,34666.0,62416.0,16990.0,6634.0,1
40064,0.0,0.0,44.0,70.0,-20.0,457577.0,51479.0,46893.0,24809.0,8046.0,10012.0,5621.0,1712.0,1
41063,0.0,0.0,60.0,81.0,67.0,980905.0,100763.0,30238.0,112443.0,71075.0,40677.0,9771.0,11771.0,1
42054,0.0,0.0,61.0,88.0,16.0,1128756.0,510316.0,84333.0,45173.0,53837.0,79011.0,16603.0,5393.0,1
43054,0.0,0.0,56.0,88.0,-220.0,2461841.0,349272.0,20845.0,146604.0,60719.0,80809.0,25193.0,7701.0,1
44056,0.0,0.0,48.0,88.0,-18.0,1308327.0,202202.0,198855.0,76579.0,68255.0,19881.0,11275.0,6533.0,1
45048,0.0,0.0,40.0,93.0,35.0,680157.0,134389.0,161976.0,52626.0,34376.0,28773.0,11379.0,12621.0,1
46043,0.0,0.0,27.0,90.0,-74.0,1238008.0,475102.0,80346.0,25107.0,64711.0,30004.0,10019.0,5794.0,1
47038,0.0,0.0,23.0,83.0,327.0,730463.0,224666.0,4554.0,54859.0,35970.0,26794.0,6891.0,4838.0,1
48037,0.0,0.0,29.0,64.0,-100.0,176135.0,221124.0,55208.0,32691.0,31585.0,21909.0,10506.0,9045.0,1
49027,0.0,0.0,24.0,48.0,97.0,861116.0,255045.0,45392.0,70122.0,55199.0,20589.0,15568.0,4317.0,1
50032,0.0,0.0,17.0,70.0,41.0,571602.0,61103.0,47515.0,15834.0,14982.0,4469.0,4920.0,1250.0,1
51013,0.0,0.0,23.0,88.0,9.0,208192.0,42672.0,20535.0,15508.0,7117.0,11243.0,4602.0,1664.0,1
52018,0.0,0.0,20.0,97.0,201.0,2236222.0,278219.0,120892.0,87154.0,53530.0,27506.0,16762.0,10702.0,1
53014,0.0,0.0,17.0,83.0,-268.0,687032.0,403298.0,7643.0,56866.0,64851.0,23680.0,17958.0,20800.0,1
54004,0.0,0.0,26.0,54.0,164.0,226084.0,139634.0,8107.0,10721.0,6688.0,10113.0,6607.0,2282.0,1
55007,0.0,0.0,17.0,60.0,-140.0,1122508.0,766873.0,144684.0,739066.0,74530.0,107350.0,279540.0,47141.0,1
55999,0.0,0.0,17.0,56.0,435.0,199243.0,97331.0,11251.0,43255.0,14682.0,8547.0,2791.0,1475.0,1
57002,0.0,0.0,37.0,87.0,33.0,2545129.0,70843.0,24333.0,109236.0,38941.0,37917.0,21583.0,7254.0,1
57993,0.0,0.0,40.0,100.0,-19.0,447085.0,68422.0,29646.0,6316.0,6286.0,8037.0,3211.0,1813.0,1
58992,0.0,0.0,37.0,81.0,125.0,1986066.0,327591.0,23614.0,58832.0,68304.0,24487.0,8359.0,4727.0,1
59986,0.0,0.0,26.0,63.0,2.0,352392.0,815060.0,59430.0,50131.0,46779.0,25316.0,9700.0,6408.0,1
60979,0.0,0.0,27.0,50.0,229.0,203343.0,30911.0,4906.0,12070.0,6469.0,9573.0,4745.0,1954.0,0
61979,0.0,0.0,29.0,61.0,-234.0,1400414.0,55215.0,30566.0,58841.0,26408.0,13359.0,14606.0,5927.0,0
62969,0.0,0.0,30.0,81.0,33.0,416289.0,133394.0,106136.0,50758.0,45945.0,17755.0,17429.0,4229.0,0
63968,0.0,0.0,44.0,90.0,24.0,1037735.0,242142.0,33817.0,38253.0,60975.0,23254.0,22355.0,6488.0,0
64961,0.0,0.0,17.0,87.0,45.0,521762.0,466479.0,123380.0,72885.0,42758.0,20329.0,10819.0,3553.0,0
65960,0.0,0.0,10.0,66.0,34.0,82046.0,106004.0,11804.0,15697.0,5733.0,7289.0,4789.0,635.0,0
66960,0.0,0.0,16.0,56.0,-38.0,829465.0,154990.0,45536.0,34141.0,30783.0,24039.0,18468.0,2769.0,0
67958,0.0,0.0,20.0,54.0,166.0,1164055.0,195823.0,20630.0,34314.0,38905.0,24825.0,10007.0,7135.0,0
68950,0.0,0.0,43.0,69.0,4.0,776540.0,90179.0,69977.0,65461.0,29135.0,33838.0,10541.0,5627.0,0
69944,0.0,0.0,43.0,77.0,134.0,1166573.0,267716.0,75036.0,40527.0,43889.0,20963.0,18112.0,6666.0,0
70947,0.0,0.0,40.0,63.0,-138.0,464197.0,403693.0,58888.0,22330.0,81546.0,30980.0,17655.0,5507.0,0
71936,0.0,0.0,48.0,83.0,236.0,599730.0,67113.0,67623.0,41044.0,25217.0,31684.0,7200.0,4386.0,0
72941,0.0,0.0,40.0,69.0,-139.0,514636.0,307042.0,35216.0,92472.0,37930.0,33784.0,15975.0,5092.0,0
73929,0.0,0.0,27.0,77.0,163.0,2697891.0,1060635.0,130832.0,612635.0,159653.0,42681.0,61847.0,18288.0,0
74925,0.0,0.0,27.0,75.0,-103.0,1922157.0,465726.0,40413.0,30128.0,56127.0,38880.0,22155.0,3852.0,0
75922,0.0,0.0,13.0,77.0,-39.0,832945.0,86920.0,16280.0,104826.0,30304.0,13712.0,9981.0,2753.0,0
76923,0.0,0.0,1.0,77.0,265.0,1336670.0,268015.0,69530.0,41608.0,42362.0,12777.0,14224.0,5916.0,0
77920,0.0,0.0,10.0,77.0,118.0,973250.0,240471.0,119346.0,46524.0,35189.0,16287.0,12976.0,3205.0,0
78911,0.0,0.0,10.0,97.0,153.0,983107.0,309943.0,133827.0,76062.0,27414.0,35259.0,11235.0,8551.0,0
79906,0.0,0.0,10.0,84.0,-74.0,127414.0,64646.0,23314.0,8876.0,11202.0,6535.0,5192.0,2392.0,0
80902,0.0,0.0,7.0,91.0,215.0,152887.0,112483.0,46889.0,20360.0,9998.0,4264.0,4184.0,847.0,0
81900,0.0,0.0,17.0,94.0,-215.0,786413.0,173854.0,135470.0,68000.0,34153.0,40621.0,9164.0,1630.0,0
82895,0.0,0.0,3.0,87.0,161.0,1274267.0,277438.0,41044.0,62508.0,60208.0,7024.0,8283.0,2585.0,0
83891,0.0,0.0,1.0,94.0,-215.0,80133.0,37942.0,24108.0,7275.0,4730.0,3117.0,2371.0,917.0,0
84893,0.0,0.0,13.0,100.0,122.0,344611.0,32114.0,8846.0,26935.0,1908.0,4651.0,731.0,506.0,0
85883,0.0,0.0,8.0,100.0,7.0,281054.0,106618.0,118113.0,37606.0,56389.0,18145.0,8132.0,3769.0,0
86878,0.0,0.0,13.0,100.0,134.0,584982.0,62840.0,13792.0,13068.0,5070.0,2408.0,1317.0,894.0,0
87876,0.0,0.0,3.0,87.0,-23.0,902068.0,765218.0,78653.0,44631.0,38664.0,10143.0,4421.0,3215.0,0
88873,0.0,0.0,4.0,69.0,-158.0,888439.0,309601.0,31223.0,80942.0,51746.0,26523.0,17567.0,11055.0,0
89866,0.0,0.0,10.0,53.0,-174.0,703287.0,211731.0,35990.0,57873.0,83281.0,22149.0,15919.0,12796.0,0
90864,0.0,0.0,23.0,60.0,-59.0,557390.0,551200.0,177441.0,245445.0,71439.0,62418.0,47755.0,41562.0,0
91871,0.0,0.0,43.0,80.0,136.0,645097.0,56415.0,40129.0,6070.0,15757.0,7064.0,8937.0,1234.0,0
92849,0.0,0.0,51.0,78.0,-196.0,254903.0,52538.0,7044.0,11147.0,8430.0,9306.0,2069.0,2201.0,0
93864,0.0,0.0,41.0,81.0,-50.0,839109.0,320538.0,64852.0,112002.0,94812.0,14286.0,17730.0,3972.0,0
94841,0.0,0.0,44.0,69.0,-349.0,1809107.0,395561.0,102901.0,54022.0,84298.0,56107.0,43233.0,6711.0,0
95850,0.0,0.0,56.0,53.0,714.0,1562868.0,281379.0,58172.0,61055.0,172765.0,80475.0,62685.0,14354.0,0
96832,0.0,0.0,43.0,69.0,133.0,1227035.0,125255.0,69934.0,51589.0,19146.0,9947.0,8266.0,4480.0,0
97830,0.0,0.0,64.0,80.0,44.0,1339837.0,230298.0,66878.0,306710.0,135072.0,129545.0,52185.0,16912.0,0
98839,0.0,0.0,64.0,87.0,68.0,1408870.0,510688.0,147055.0,162882.0,101296.0,81650.0,21615.0,52827.0,0
99827,0.0,26.0,64.0,87.0,-913.0,1173115.0,81811.0,35813.0,97671.0,65971.0,17079.0,11300.0,17862.0,0
100828,0.0,0.0,63.0,100.0,280.0,1757865.0,194566.0,77082.0,90787.0,63474.0,59184.0,31118.0,11474.0,0
101818,0.0,0.0,90.0,88.0,-71.0,282865.0,131999.0,10047.0,76665.0,32111.0,89777.0,27470.0,11162.0,0
102815,0.0,0.0,93.0,91.0,1002.0,551636.0,39480.0,30210.0,44994.0,17194.0,36436.0,25223.0,6241.0,0
103807,0.0,0.0,77.0,77.0,-216.0,271333.0,84121.0,1867.0,13895.0,4253.0,1989.0,1466.0,782.0,0
104805,0.0,0.0,61.0,63.0,200.0,1655977.0,968908.0,98306.0,152393.0,85739.0,49176.0,42915.0,27973.0,0
105802,0.0,0.0,43.0,70.0,-9.0,181376.0,39486.0,25163.0,2100.0,8591.0,5113.0,2991.0,1395.0,0
106803,0.0,0.0,26.0,75.0,-11.0,1796817.0,123006.0,86322.0,69226.0,12964.0,22250.0,20063.0,6136.0,0
107799,0.0,0.0,43.0,96.0,29.0,1952742.0,113778.0,26730.0,86556.0,14731.0,18607.0,12873.0,6485.0,0
108794,0.0,0.0,38.0,97.0,310.0,2362914.0,384117.0,88799.0,14158.0,26222.0,12678.0,9323.0,6913.0,0
109798,0.0,0.0,50.0,94.0,107.0,554032.0,38926.0,22024.0,10210.0,13225.0,15249.0,3872.0,1907.0,0
110777,0.0,0.0,63.0,81.0,-529.0,126908.0,6866.0,2714.0,1461.0,1997.0,2692.0,1249.0,485.0,1
111777,0.0,0.0,69.0,69.0,151.0,772227.0,46518.0,19524.0,4588.0,3812.0,11781.0,13236.0,2624.0,1
112774,0.0,0.0,80.0,75.0,-12.0,456740.0,175593.0,37233.0,37241.0,21771.0,15760.0,28355.0,2390.0,1
113769,0.0,0.0,61.0,67.0,208.0,1546883.0,210697.0,40074.0,47299.0,45825.0,12454.0,9766.0,8816.0,1
114763,0.0,0.0,50.0,64.0,-145.0,646754.0,693979.0,172718.0,114166.0,85714.0,79394.0,51862.0,35276.0,1
115764,0.0,0.0,50.0,81.0,86.0,563513.0,77853.0,116196.0,46904.0,16750.0,37198.0,11971.0,7181.0,1
116765,0.0,0.0,61.0,94.0,-107.0,754367.0,69664.0,103665.0,36219.0,40484.0,37634.0,25947.0,7752.0,1
117755,0.0,0.0,66.0,100.0,20.0,773994.0,150911.0,157072.0,121242.0,41517.0,28644.0,21924.0,15634.0,1
118750,0.0,0.0,66.0,100.0,-518.0,663658.0,493321.0,12618.0,69580.0,56998.0,46391.0,26311.0,54741.0,1
119740,0.0,0.0,50.0,61.0,12.0,1939938.0,1904456.0,61161.0,111487.0,115345.0,72145.0,53854.0,11075.0,1
120740,0.0,0.0,43.0,37.0,218.0,138791.0,637712.0,16284.0,118261.0,72927.0,77209.0,38353.0,26127.0,1
121734,0.0,0.0,40.0,20.0,29.0,1016443.0,666552.0,79980.0,235783.0,88538.0,45535.0,33016.0,20352.0,1
122741,0.0,0.0,44.0,27.0,411.0,764351.0,424346.0,56315.0,111989.0,251915.0,78200.0,14925.0,13342.0,1
123735,0.0,0.0,51.0,56.0,-234.0,1334602.0,248987.0,107694.0,184095.0,181016.0,40060.0,30587.0,11228.0,1
124729,0.0,0.0,48.0,75.0,-7.0,1694800.0,232193.0,167298.0,13008.0,28068.0,30310.0,14329.0,13988.0,1
125729,0.0,0.0,51.0,67.0,-8.0,1695989.0,55322.0,13046.0,3638.0,6399.0,4890.0,5338.0,1867.0,1
126711,0.0,0.0,47.0,81.0,-86.0,1417296.0,170068.0,55043.0,75486.0,24693.0,23749.0,20229.0,6422.0,1
127719,0.0,0.0,35.0,90.0,230.0,655819.0,344430.0,274895.0,105231.0,11590.0,16902.0,20717.0,8141.0,1
128713,0.0,0.0,35.0,78.0,50.0,1386422.0,1043212.0,157349.0,223435.0,105173.0,93234.0,64806.0,71936.0,1
129704,0.0,0.0,37.0,91.0,301.0,785608.0,186545.0,111697.0,62909.0,32831.0,30331.0,16884.0,12354.0,1
130695,0.0,0.0,27.0,80.0,-40.0,107007.0,101186.0,20231.0,11522.0,10887.0,5464.0,3765.0,744.0,0
131698,0.0,0.0,23.0,64.0,196.0,709344.0,402067.0,55480.0,96774.0,31922.0,8001.0,14572.0,8579.0,0
132696,0.0,0.0,23.0,54.0,77.0,315057.0,52414.0,8594.0,806.0,10408.0,4778.0,6272.0,2126.0,0
133692,0.0,0.0,10.0,50.0,293.0,878340.0,463726.0,206194.0,36420.0,28335.0,14752.0,31355.0,8555.0,0
134691,0.0,0.0,13.0,60.0,-172.0,43925.0,13928.0,2697.0,8319.0,2793.0,1393.0,1546.0,1196.0,0
135682,0.0,0.0,43.0,64.0,-91.0,1136906.0,115893.0,111666.0,17788.0,87450.0,51530.0,17732.0,12953.0,0
136678,0.0,0.0,30.0,78.0,156.0,513251.0,289414.0,65300.0,44240.0,39738.0,10547.0,13113.0,3572.0,0
137671,0.0,0.0,35.0,70.0,-66.0,173337.0,236820.0,34046.0,46528.0,11241.0,9289.0,9624.0,7232.0,0
138668,0.0,0.0,37.0,57.0,58.0,1595148.0,180647.0,9536.0,43181.0,22374.0,13539.0,8404.0,5544.0,0
139673,0.0,0.0,29.0,47.0,70.0,542645.0,141873.0,13753.0,25320.0,28451.0,21757.0,21051.0,15502.0,0
140681,0.0,0.0,34.0,47.0,119.0,760823.0,287430.0,78062.0,30210.0,14282.0,13622.0,9000.0,4376.0,0
141664,0.0,0.0,43.0,54.0,41.0,1523739.0,477627.0,105546.0,219918.0,69054.0,70515.0,45109.0,18261.0,0
142657,0.0,0.0,43.0,47.0,68.0,331515.0,78944.0,6123.0,4149.0,2294.0,4219.0,5573.0,1855.0,0
143655,0.0,0.0,35.0,47.0,161.0,1124668.0,949300.0,29854.0,228180.0,233078.0,70613.0,49059.0,26329.0,0
144646,0.0,0.0,41.0,30.0,-113.0,399484.0,229241.0,17132.0,18699.0,22522.0,18021.0,14491.0,7862.0,0
145650,0.0,0.0,38.0,13.0,204.0,197535.0,293153.0,11839.0,30431.0,13167.0,20691.0,17172.0,4547.0,0
146639,0.0,0.0,41.0,41.0,-113.0,368058.0,27480.0,21702.0,10120.0,3073.0,3913.0,4472.0,5103.0,0
147633,0.0,0.0,29.0,38.0,23.0,881162.0,1754365.0,130841.0,226493.0,76497.0,46863.0,34982.0,17387.0,0
148633,0.0,0.0,34.0,54.0,355.0,2345068.0,614123.0,98010.0,183084.0,72206.0,84050.0,76656.0,17825.0,0
149670,0.0,0.0,27.0,70.0,-65.0,843263.0,74529.0,26129.0,12888.0,4602.0,4059.0,2023.0,851.0,0
150623,0.0,0.0,17.0,60.0,104.0,1749151.0,328275.0,27829.0,97347.0,17342.0,12685.0,8670.0,6789.0,0
151613,0.0,0.0,23.0,67.0,-86.0,526841.0,212655.0,34555.0,33599.0,8434.0,8022.0,7378.0,6165.0,0
152611,0.0,0.0,16.0,70.0,137.0,1183202.0,142025.0,57942.0,39963.0,28051.0,12434.0,24978.0,9061.0,0
153602,0.0,0.0,34.0,66.0,-177.0,1063149.0,201518.0,41396.0,43461.0,7402.0,48835.0,27397.0,32248.0,0
154609,0.0,0.0,51.0,78.0,155.0,644478.0,193375.0,174232.0,84670.0,35389.0,72209.0,27100.0,9901.0,0
155604,0.0,0.0,57.0,75.0,86.0,1942675.0,515095.0,26599.0,135367.0,39096.0,38490.0,44087.0,29897.0,0
156595,0.0,0.0,54.0,84.0,64.0,175823.0,117544.0,143924.0,10980.0,8740.0,10698.0,10954.0,4568.0,0
157598,0.0,0.0,43.0,70.0,115.0,1394137.0,260846.0,30022.0,4974.0,15634.0,15671.0,11153.0,3061.0,0
158602,0.0,0.0,23.0,77.0,-105.0,976696.0,131966.0,156123.0,62170.0,9095.0,9657.0,13989.0,7405.0,0
159586,0.0,0.0,38.0,78.0,327.0,154155.0,18035.0,3914.0,6050.0,7352.0,5639.0,3770.0,1133.0,0
160584,0.0,0.0,48.0,66.0,-102.0,186800.0,34793.0,15427.0,8866.0,3966.0,5418.0,1804.0,1704.0,0
161582,0.0,0.0,41.0,90.0,-6.0,973976.0,156755.0,105676.0,24642.0,7729.0,7687.0,28690.0,5168.0,0
162567,0.0,0.0,38.0,57.0,61.0,1095938.0,126538.0,16249.0,1299.0,4357.0,3141.0,6807.0,2583.0,0
163572,0.0,0.0,24.0,69.0,-7.0,743072.0,149448.0,55109.0,68527.0,16806.0,18002.0,12620.0,6733.0,0
164575,0.0,0.0,14.0,50.0,70.0,989141.0,497146.0,36053.0,37405.0,34450.0,22347.0,16549.0,5178.0,0
165556,0.0,0.0,26.0,53.0,-38.0,1963727.0,323966.0,300480.0,140386.0,56223.0,57996.0,31702.0,31019.0,0
166560,0.0,0.0,30.0,60.0,120.0,57535.0,60840.0,3695.0,11133.0,2476.0,2736.0,7112.0,3699.0,0
167566,0.0,0.0,37.0,53.0,114.0,766535.0,43728.0,17807.0,10113.0,7686.0,7526.0,1746.0,1824.0,0
168551,0.0,0.0,40.0,53.0,150.0,458043.0,49897.0,2607.0,6051.0,13108.0,2711.0,6933.0,1375.0,0
169543,0.0,0.0,20.0,27.0,-33.0,2205563.0,603551.0,53182.0,41419.0,18490.0,9573.0,17109.0,6068.0,0
170543,0.0,0.0,16.0,38.0,-58.0,511384.0,341030.0,75159.0,78774.0,15062.0,13172.0,15777.0,2281.0,0
171543,0.0,0.0,17.0,50.0,173.0,2229628.0,98815.0,73825.0,102996.0,23852.0,40442.0,7809.0,5339.0,0
172531,0.0,0.0,44.0,61.0,1181.0,1716348.0,266712.0,43940.0,173765.0,195371.0,279784.0,98804.0,38045.0,0
173537,0.0,26.0,44.0,61.0,224.0,722701.0,24611.0,19067.0,7357.0,7699.0,3927.0,710.0,724.0,0
174527,0.0,0.0,64.0,91.0,-60.0,687501.0,18702.0,41877.0,13447.0,6006.0,6696.0,5755.0,1783.0,0
175523,0.0,0.0,64.0,100.0,120.0,1171386.0,591389.0,602966.0,55402.0,46282.0,31521.0,89205.0,42110.0,0
176550,0.0,0.0,54.0,81.0,-44.0,821572.0,293083.0,58367.0,26861.0,12714.0,20417.0,13862.0,6590.0,0
177521,0.0,0.0,34.0,87.0,96.0,1591591.0,97122.0,16900.0,50323.0,24243.0,14058.0,20897.0,6083.0,0
178513,0.0,0.0,29.0,67.0,59.0,286033.0,184776.0,70232.0,13478.0,22060.0,19026.0,8087.0,3429.0,0
179504,0.0,0.0,48.0,54.0,20.0,28408.0,9846.0,1020.0,3934.0,3216.0,2023.0,854.0,264.0,0
180509,0.0,0.0,47.0,67.0,56.0,170785.0,29357.0,19981.0,16809.0,8319.0,3449.0,1611.0,1428.0,0
181497,0.0,0.0,40.0,56.0,-10.0,470914.0,210739.0,11708.0,38642.0,29183.0,11460.0,5152.0,2207.0,0
182495,0.0,0.0,41.0,66.0,0.0,192315.0,16513.0,14198.0,5981.0,3052.0,2663.0,2140.0,472.0,0
183492,0.0,0.0,26.0,66.0,-19.0,1394480.0,553042.0,166311.0,33221.0,12929.0,26372.0,67888.0,17265.0,0
184492,0.0,0.0,23.0,40.0,3.0,609171.0,255166.0,23858.0,3676.0,26817.0,10684.0,11614.0,5765.0,0
185512,0.0,0.0,27.0,44.0,231.0,326352.0,111943.0,21885.0,11371.0,6050.0,9861.0,3125.0,4229.0,0
186477,0.0,0.0,24.0,13.0,-5.0,285058.0,115693.0,5213.0,5710.0,9106.0,6983.0,2701.0,709.0,0
187483,0.0,0.0,24.0,10.0,55.0,324475.0,70398.0,6600.0,11908.0,7234.0,2892.0,4998.0,1280.0,0
188474,0.0,0.0,27.0,16.0,-14.0,240922.0,188554.0,29182.0,7479.0,4881.0,11592.0,4267.0,3753.0,0
189474,0.0,0.0,27.0,16.0,-44.0,2348621.0,127756.0,14490.0,27382.0,25517.0,10337.0,11589.0,3944.0,0
190459,0.0,0.0,24.0,30.0,121.0,84030.0,43450.0,8837.0,2675.0,5346.0,2285.0,3456.0,1148.0,0
191456,0.0,0.0,38.0,44.0,-145.0,1388960.0,204750.0,130745.0,90474.0,37705.0,48553.0,27027.0,12962.0,0
192456,0.0,0.0,38.0,40.0,204.0,1025673.0,268307.0,21139.0,13094.0,10524.0,18045.0,30799.0,8156.0,0
193453,0.0,0.0,41.0,43.0,69.0,571474.0,219622.0,100361.0,4812.0,32438.0,24599.0,17938.0,6379.0,0
194478,0.0,0.0,41.0,56.0,146.0,1372361.0,184930.0,113075.0,66895.0,30578.0,14977.0,18644.0,11506.0,0
195447,0.0,0.0,20.0,47.0,-254.0,372169.0,221702.0,46016.0,31119.0,10814.0,4222.0,5172.0,4188.0,1
196441,0.0,0.0,23.0,47.0,801.0,391083.0,111240.0,7936.0,7956.0,10150.0,10789.0,13062.0,2846.0,1
197437,0.0,0.0,21.0,51.0,104.0,191881.0,13332.0,3830.0,6327.0,2638.0,1586.0,1093.0,791.0,1
198430,0.0,0.0,37.0,48.0,172.0,1301573.0,73010.0,33488.0,20854.0,9809.0,21786.0,16639.0,13493.0,1
199426,0.0,0.0,54.0,38.0,-44.0,944413.0,155691.0,13107.0,14884.0,13728.0,15044.0,35874.0,3328.0,1
200426,0.0,0.0,50.0,37.0,27.0,121904.0,363008.0,26731.0,14281.0,29552.0,23875.0,21129.0,6280.0,1
201421,0.0,0.0,48.0,40.0,214.0,459095.0,35146.0,17845.0,11683.0,5962.0,3819.0,3587.0,1434.0,1
202412,0.0,0.0,41.0,44.0,121.0,853410.0,125626.0,69968.0,55485.0,19076.0,20685.0,13219.0,11529.0,1
203436,0.0,0.0,48.0,48.0,195.0,1287362.0,762907.0,48524.0,156243.0,125359.0,131303.0,145240.0,43250.0,1
204404,0.0,0.0,47.0,70.0,-123.0,243601.0,28292.0,16780.0,6545.0,5530.0,2538.0,2776.0,4318.0,1
205411,0.0,0.0,53.0,60.0,85.0,65461.0,30510.0,5039.0,4276.0,1453.0,4428.0,3346.0,2028.0,1
206396,0.0,0.0,56.0,47.0,32.0,478488.0,116443.0,4720.0,33461.0,11399.0,16708.0,7287.0,5660.0,1
207401,0.0,0.0,38.0,47.0,-120.0,1344577.0,357166.0,66927.0,15976.0,30749.0,11514.0,15098.0,11235.0,1
208388,0.0,0.0,34.0,34.0,123.0,1433772.0,1113959.0,171901.0,82143.0,20838.0,41797.0,64460.0,36198.0,1
209391,0.0,0.0,17.0,27.0,-86.0,2173827.0,1332564.0,117031.0,141770.0,78945.0,41582.0,55779.0,42545.0,1
210385,0.0,0.0,20.0,41.0,51.0,1097493.0,144755.0,155654.0,49107.0,59897.0,44924.0,14528.0,5904.0,1
211380,0.0,0.0,30.0,56.0,283.0,200475.0,25014.0,12018.0,10327.0,4092.0,3656.0,7206.0,3320.0,1
212395,0.0,0.0,38.0,81.0,21.0,627535.0,14152.0,32901.0,15108.0,3614.0,3861.0,2584.0,2818.0,1
213368,0.0,0.0,51.0,83.0,-26.0,478775.0,387178.0,37436.0,70033.0,54577.0,49999.0,43540.0,17989.0,1
214373,0.0,0.0,47.0,75.0,-12.0,536100.0,678829.0,254981.0,111905.0,54866.0,77971.0,85181.0,48943.0,1
215356,0.0,0.0,35.0,57.0,6.0,1309205.0,398856.0,39409.0,29456.0,11037.0,14002.0,33711.0,9735.0,1
216362,0.0,0.0,40.0,40.0,6.0,357893.0,18911.0,6783.0,3819.0,4932.0,2595.0,9834.0,1642.0,1
217346,0.0,0.0,29.0,43.0,-46.0,2245590.0,181914.0,40606.0,12898.0,15279.0,8706.0,24232.0,10730.0,1
218351,0.0,0.0,27.0,47.0,22.0,151466.0,43653.0,19013.0,21415.0,15122.0,5616.0,4876.0,1554.0,1
219354,0.0,0.0,35.0,57.0,34.0,90260.0,92940.0,35561.0,20427.0,4840.0,8890.0,6442.0,4438.0,1
220346,0.0,0.0,43.0,56.0,114.0,1890931.0,148928.0,76752.0,11343.0,37487.0,45251.0,18541.0,10900.0,0
221362,0.0,0.0,43.0,60.0,352.0,201537.0,38254.0,12673.0,2329.0,3964.0,2244.0,6395.0,1263.0,0
222333,0.0,0.0,51.0,41.0,168.0,69106.0,48425.0,5152.0,2402.0,3035.0,7003.0,3751.0,999.0,0
223336,0.0,0.0,53.0,26.0,-22.0,749342.0,274689.0,18160.0,32892.0,32516.0,21251.0,35818.0,10056.0,0
224326,0.0,0.0,44.0,21.0,-58.0,819772.0,214134.0,44702.0,16150.0,12929.0,27499.0,11934.0,9512.0,0
225328,0.0,0.0,64.0,26.0,-211.0,927307.0,29590.0,15066.0,29463.0,23782.0,21446.0,31205.0,8804.0,0
226327,0.0,0.0,66.0,40.0,11.0,812181.0,44918.0,9939.0,19681.0,11935.0,11141.0,6269.0,3264.0,0
227315,0.0,0.0,67.0,66.0,152.0,677797.0,47209.0,102601.0,18073.0,35988.0,13417.0,11076.0,5000.0,0
228314,0.0,0.0,60.0,84.0,44.0,931950.0,209569.0,204538.0,88483.0,33471.0,21477.0,15719.0,11737.0,0
229308,0.0,0.0,53.0,80.0,162.0,640314.0,98967.0,38788.0,19925.0,38961.0,21619.0,13366.0,12985.0,0
230321,0.0,0.0,48.0,87.0,37.0,481665.0,197515.0,244385.0,22007.0,116802.0,46536.0,34760.0,23038.0,0
231293,0.0,0.0,30.0,64.0,-28.0,66182.0,66169.0,7607.0,6988.0,1190.0,1305.0,2058.0,1709.0,0
232298,0.0,0.0,29.0,61.0,98.0,1694098.0,127603.0,108776.0,10464.0,11760.0,8502.0,8372.0,7825.0,0
233287,0.0,0.0,21.0,60.0,-37.0,132003.0,34746.0,11060.0,1994.0,2085.0,2693.0,1721.0,1971.0,0
234289,0.0,0.0,16.0,44.0,188.0,775292.0,75495.0,14362.0,6347.0,11807.0,5921.0,12208.0,6688.0,0
235284,0.0,0.0,38.0,54.0,25.0,306739.0,57839.0,20626.0,12923.0,9738.0,12180.0,10530.0,3856.0,1
236283,0.0,0.0,44.0,34.0,183.0,252900.0,234157.0,20625.0,15059.0,7722.0,19028.0,17322.0,5105.0,1
237283,0.0,0.0,51.0,40.0,82.0,185100.0,51015.0,25363.0,10305.0,8114.0,9215.0,8819.0,8521.0,1
238270,0.0,0.0,57.0,43.0,88.0,1108213.0,172245.0,56079.0,37787.0,86332.0,34916.0,27140.0,16627.0,1
239278,0.0,0.0,50.0,35.0,-35.0,1811046.0,171571.0,33296.0,12263.0,13659.0,12777.0,13165.0,6759.0,1
240261,0.0,0.0,51.0,38.0,-19.0,2085708.0,190527.0,17153.0,23529.0,13463.0,17011.0,11161.0,8700.0,1
241265,0.0,0.0,56.0,37.0,17.0,282103.0,9387.0,3116.0,2538.0,1907.0,2965.0,1702.0,1442.0,1
242247,0.0,0.0,44.0,35.0,97.0,704502.0,213222.0,46771.0,16094.0,11152.0,10643.0,11219.0,5046.0,1
243256,0.0,0.0,53.0,51.0,67.0,1377544.0,52689.0,33905.0,43714.0,15461.0,16428.0,18440.0,3604.0,1
244250,0.0,0.0,57.0,50.0,105.0,2001709.0,407667.0,50148.0,37762.0,44910.0,59426.0,32412.0,52385.0,1
245235,0.0,0.0,37.0,43.0,-42.0,982269.0,302577.0,36737.0,40104.0,3932.0,8580.0,8212.0,5978.0,0
246244,0.0,0.0,56.0,50.0,-90.0,266913.0,78356.0,14034.0,39451.0,7385.0,31529.0,19892.0,8280.0,0
247239,0.0,0.0,38.0,35.0,33.0,652943.0,267834.0,55352.0,22556.0,20834.0,7996.0,7181.0,15369.0,0
248242,0.0,0.0,29.0,48.0,87.0,84964.0,27271.0,1765.0,14615.0,1228.0,2346.0,4628.0,1942.0,0
249225,0.0,0.0,61.0,54.0,121.0,604579.0,58190.0,30630.0,82995.0,114891.0,78049.0,23739.0,7830.0,0
250226,0.0,0.0,57.0,47.0,91.0,671453.0,71434.0,12815.0,10680.0,13512.0,14414.0,9862.0,5147.0,0
251226,0.0,0.0,66.0,40.0,-225.0,2499210.0,487537.0,60875.0,37164.0,24109.0,31160.0,6586.0,8037.0,0
252214,0.0,0.0,56.0,14.0,166.0,349140.0,640188.0,4550.0,16653.0,10046.0,13455.0,15524.0,2868.0,0
253221,0.0,0.0,38.0,21.0,40.0,1045811.0,62158.0,48673.0,4119.0,19971.0,11232.0,4711.0,9298.0,0
254205,0.0,0.0,35.0,38.0,41.0,299970.0,14060.0,7635.0,8221.0,2956.0,3201.0,2048.0,1905.0,0
255210,0.0,0.0,27.0,40.0,-29.0,1083960.0,1135382.0,60434.0,78943.0,45831.0,41745.0,86370.0,34980.0,0
256199,0.0,0.0,47.0,74.0,80.0,576632.0,45018.0,51703.0,17260.0,16986.0,11746.0,4919.0,4352.0,0
257198,0.0,0.0,51.0,64.0,52.0,61526.0,23002.0,2658.0,3856.0,1879.0,4435.0,1958.0,1048.0,0
258202,0.0,0.0,53.0,56.0,131.0,1794593.0,188711.0,98574.0,18232.0,44115.0,40687.0,35944.0,22526.0,0
259187,0.0,0.0,51.0,53.0,171.0,511936.0,964636.0,64590.0,21297.0,64499.0,32870.0,38471.0,23544.0,0
260189,0.0,0.0,44.0,44.0,-21.0,818266.0,301827.0,137288.0,33998.0,67280.0,26199.0,35561.0,23006.0,0
261178,0.0,0.0,17.0,40.0,102.0,180639.0,481266.0,33947.0,33730.0,9501.0,6734.0,6121.0,5166.0,0
262176,0.0,0.0,17.0,41.0,136.0,44784.0,26087.0,11320.0,5881.0,5360.0,5259.0,4776.0,1526.0,0
263169,0.0,0.0,38.0,57.0,38.0,1300342.0,45528.0,19214.0,8685.0,12269.0,13956.0,6816.0,1482.0,0
264169,0.0,26.0,38.0,57.0,-417.0,705684.0,76006.0,32176.0,96136.0,82057.0,131274.0,45330.0,4784.0,0
265160,0.0,0.0,56.0,57.0,59.0,1314905.0,49662.0,2785.0,51278.0,46053.0,36628.0,24811.0,8817.0,0
266163,0.0,0.0,90.0,78.0,-491.0,1110619.0,86750.0,120858.0,76598.0,29640.0,86095.0,22961.0,4296.0,0
267166,0.0,0.0,94.0,77.0,-97.0,1228234.0,243174.0,70091.0,148286.0,143205.0,82051.0,85113.0,57983.0,0
268155,0.0,0.0,81.0,75.0,117.0,212575.0,122360.0,27868.0,20369.0,1776.0,9235.0,7607.0,5051.0,0
269150,0.0,0.0,60.0,77.0,29.0,168119.0,108802.0,48138.0,10475.0,22232.0,7039.0,4798.0,2453.0,0
270143,0.0,51.0,60.0,77.0,864.0,2939530.0,153196.0,30136.0,76215.0,42744.0,187016.0,62584.0,69909.0,0
271140,0.0,26.0,60.0,77.0,-497.0,2036844.0,1162909.0,129541.0,245105.0,204135.0,180428.0,96284.0,40819.0,0
272132,0.0,26.0,60.0,77.0,363.0,1642862.0,295635.0,162927.0,109688.0,109022.0,73686.0,16360.0,15494.0,0
273129,0.0,0.0,63.0,70.0,438.0,356951.0,6522.0,1301.0,16289.0,10416.0,9860.0,5694.0,1049.0,0
274132,0.0,0.0,57.0,54.0,-142.0,434238.0,242729.0,17655.0,7030.0,26070.0,29341.0,12015.0,7055.0,0
275120,0.0,0.0,61.0,74.0,-268.0,586763.0,131285.0,198808.0,260541.0,33748.0,56881.0,26179.0,8080.0,0
276128,0.0,0.0,63.0,61.0,279.0,1535270.0,495319.0,78875.0,9447.0,61158.0,27706.0,16595.0,10191.0,0
277114,0.0,0.0,47.0,54.0,35.0,1745016.0,257980.0,37842.0,79151.0,82315.0,28967.0,9544.0,13198.0,0
278111,0.0,0.0,57.0,78.0,564.0,1049600.0,96105.0,20963.0,169338.0,53555.0,81968.0,30400.0,2956.0,0
279110,0.0,0.0,61.0,67.0,-246.0,565644.0,40580.0,26460.0,34724.0,22013.0,14223.0,8150.0,2226.0,0
280104,0.0,0.0,67.0,80.0,164.0,220375.0,42702.0,20977.0,2644.0,4210.0,6453.0,4652.0,5120.0,0
281097,0.0,0.0,61.0,93.0,-114.0,69890.0,13897.0,19808.0,5338.0,2893.0,1550.0,746.0,1732.0,0
282096,0.0,0.0,40.0,80.0,262.0,147192.0,23538.0,1005.0,3697.0,2048.0,1027.0,2674.0,328.0,0
283094,0.0,0.0,24.0,67.0,59.0,1508427.0,230605.0,15589.0,51404.0,36675.0,10023.0,23246.0,7900.0,0
284090,0.0,0.0,21.0,67.0,-98.0,1289469.0,41307.0,3133.0,21341.0,10966.0,4434.0,6304.0,1800.0,0
285086,0.0,0.0,34.0,50.0,144.0,1364715.0,359534.0,56542.0,41897.0,30912.0,53280.0,14673.0,13089.0,0
286081,0.0,0.0,34.0,53.0,-88.0,1990479.0,231296.0,36817.0,47393.0,50317.0,14207.0,17944.0,5239.0,0
287079,0.0,0.0,48.0,61.0,114.0,1032224.0,661978.0,209273.0,274222.0,97540.0,146019.0,67516.0,32072.0,0
288068,0.0,0.0,53.0,63.0,184.0,1092554.0,96816.0,16696.0,63505.0,26887.0,17754.0,6286.0,17172.0,0
289070,0.0,0.0,50.0,77.0,123.0,91310.0,9725.0,7131.0,2269.0,471.0,1597.0,656.0,1117.0,0
290065,0.0,0.0,43.0,88.0,-183.0,693406.0,226357.0,103409.0,116708.0,29059.0,10591.0,14110.0,14207.0,1
291056,0.0,0.0,37.0,84.0,275.0,261424.0,209690.0,83326.0,26352.0,42246.0,20413.0,11323.0,4427.0,1
292057,0.0,0.0,38.0,94.0,-77.0,1115539.0,56786.0,136754.0,47464.0,22443.0,29786.0,10514.0,5434.0,1
293043,0.0,0.0,27.0,70.0,-20.0,404284.0,101176.0,866.0,8687.0,13434.0,3504.0,8988.0,1726.0,1
294046,0.0,0.0,37.0,63.0,92.0,2188639.0,367457.0,70502.0,89340.0,75319.0,31351.0,36733.0,5879.0,1
295044,0.0,0.0,41.0,64.0,-9.0,1578609.0,143213.0,44493.0,60359.0,31030.0,27015.0,44231.0,16402.0,1
296045,0.0,0.0,34.0,54.0,129.0,471907.0,76665.0,26338.0,25122.0,4935.0,6892.0,4703.0,2023.0,1
297027,0.0,0.0,35.0,64.0,171.0,123491.0,129537.0,7455.0,21419.0,11101.0,5566.0,5674.0,1143.0,1
298031,0.0,0.0,29.0,54.0,83.0,543699.0,776844.0,48189.0,43128.0,33787.0,32911.0,15566.0,8910.0,1
299029,0.0,0.0,27.0,47.0,-66.0,819017.0,378321.0,6312.0,94935.0,15302.0,42675.0,15453.0,1740.0,1
300021,0.0,0.0,27.0,30.0,89.0,670949.0,480838.0,35099.0,41868.0,34792.0,27554.0,10794.0,5255.0,1
301026,0.0,0.0,27.0,27.0,-92.0,974228.0,404318.0,23609.0,36695.0,20955.0,16996.0,5241.0,4934.0,1
302010,0.0,0.0,29.0,47.0,45.0,263481.0,26233.0,16915.0,9990.0,11061.0,2223.0,1938.0,1003.0,1
303014,0.0,0.0,26.0,50.0,-22.0,612058.0,346271.0,59365.0,87633.0,48857.0,38469.0,7296.0,4284.0,1
304005,0.0,0.0,23.0,69.0,131.0,1933827.0,847742.0,804317.0,187496.0,68052.0,61237.0,113335.0,17483.0,1
305004,0.0,0.0,23.0,81.0,4.0,2561065.0,1404064.0,384343.0,326703.0,88277.0,89157.0,77789.0,36725.0,1
306008,0.0,0.0,16.0,74.0,156.0,783950.0,436680.0,41787.0,120311.0,31744.0,13480.0,22158.0,7482.0,1
306992,0.0,0.0,8.0,74.0,18.0,1842175.0,405662.0,120862.0,30158.0,36083.0,22527.0,9348.0,5549.0,1
307994,0.0,0.0,10.0,60.0,121.0,1225592.0,289747.0,11272.0,71236.0,33343.0,12886.0,13662.0,9012.0,1
308979,0.0,0.0,20.0,57.0,28.0,251515.0,72857.0,15740.0,14553.0,8029.0,9130.0,6099.0,1710.0,1
309992,0.0,0.0,34.0,50.0,-6.0,1189068.0,181953.0,12428.0,37309.0,136730.0,17381.0,15345.0,7435.0,1
310981,0.0,0.0,37.0,48.0,161.0,612074.0,411542.0,14194.0,107748.0,20460.0,25908.0,18160.0,13652.0,1
311978,0.0,0.0,44.0,50.0,-89.0,704931.0,255160.0,73128.0,22773.0,36681.0,25571.0,14216.0,9336.0,1
312967,0.0,0.0,40.0,53.0,124.0,441732.0,230124.0,106122.0,34048.0,28055.0,22419.0,16912.0,5837.0,1
313967,0.0,0.0,35.0,64.0,25.0,2289581.0,876188.0,346212.0,185051.0,169030.0,63154.0,90698.0,21297.0,1
314968,0.0,0.0,41.0,70.0,-71.0,1213559.0,328045.0,185634.0,8146.0,20381.0,43047.0,14290.0,18979.0,1
315959,0.0,0.0,38.0,64.0,-186.0,964309.0,558018.0,66625.0,44472.0,76658.0,35589.0,14733.0,22486.0,1
316957,0.0,0.0,37.0,56.0,-67.0,849435.0,98252.0,6389.0,20478.0,17515.0,6615.0,5753.0,4066.0,1
317950,0.0,0.0,35.0,63.0,196.0,2044174.0,182099.0,109453.0,83871.0,15348.0,15235.0,31918.0,16177.0,1
318954,0.0,0.0,26.0,63.0,11.0,1008639.0,762761.0,263216.0,232464.0,148181.0,50651.0,162687.0,39944.0,1
319940,0.0,0.0,30.0,81.0,85.0,1026571.0,35584.0,34328.0,9433.0,5725.0,6410.0,7789.0,1782.0,1
320944,0.0,0.0,51.0,80.0,-29.0,1746229.0,532925.0,31280.0,147898.0,127696.0,192548.0,178826.0,59471.0,1
321944,0.0,0.0,54.0,81.0,137.0,2912963.0,670105.0,611549.0,376125.0,87942.0,98035.0,75070.0,83860.0,1
322935,0.0,0.0,60.0,88.0,22.0,392777.0,124661.0,45703.0,90187.0,20761.0,17629.0,12552.0,20500.0,1
323926,0.0,0.0,54.0,80.0,-201.0,343155.0,282767.0,82806.0,41340.0,24246.0,18878.0,15602.0,6350.0,1
324924,0.0,0.0,38.0,96.0,211.0,1065506.0,115321.0,39702.0,125345.0,19046.0,19471.0,19611.0,11121.0,1
325920,0.0,0.0,37.0,77.0,-68.0,1737092.0,382156.0,63829.0,13314.0,57198.0,21192.0,8298.0,5708.0,1
326909,0.0,0.0,44.0,64.0,176.0,496489.0,26807.0,11062.0,2025.0,16275.0,6492.0,4902.0,1243.0,1
327914,0.0,0.0,44.0,61.0,-81.0,2140388.0,824716.0,99950.0,175684.0,75273.0,55010.0,44426.0,56040.0,1
328904,0.0,0.0,56.0,50.0,19.0,2734615.0,428365.0,83237.0,149163.0,68799.0,127040.0,115418.0,28048.0,1
329909,0.0,0.0,57.0,61.0,185.0,1478042.0,144589.0,47897.0,47804.0,50696.0,12442.0,22885.0,9050.0,1
330899,0.0,0.0,51.0,60.0,-100.0,946009.0,370175.0,42656.0,54073.0,14532.0,39357.0,20997.0,9051.0,1
331891,0.0,0.0,66.0,70.0,146.0,951459.0,86998.0,112567.0,50253.0,20571.0,51970.0,16754.0,9077.0,1
332894,0.0,0.0,63.0,77.0,-82.0,1547128.0,63913.0,86417.0,6326.0,70183.0,22100.0,24431.0,7638.0,1
333882,0.0,0.0,75.0,83.0,199.0,1815018.0,146837.0,163462.0,29016.0,10254.0,55332.0,29437.0,7589.0,1
334886,0.0,0.0,70.0,97.0,-90.0,3558153.0,439210.0,236196.0,342208.0,87365.0,59531.0,78337.0,37843.0,1
335872,0.0,0.0,48.0,90.0,20.0,214879.0,93952.0,28251.0,23204.0,10496.0,3264.0,3441.0,4127.0,1
336881,0.0,0.0,35.0,83.0,148.0,302055.0,301398.0,79947.0,12436.0,11419.0,17385.0,15262.0,4917.0,1
337868,0.0,0.0,17.0,61.0,-86.0,130742.0,92210.0,5631.0,5605.0,2696.0,3424.0,2610.0,622.0,1
338863,0.0,0.0,7.0,40.0,166.0,919294.0,497660.0,34055.0,31962.0,16954.0,10470.0,12366.0,4204.0,1
339863,0.0,0.0,13.0,35.0,13.0,1926335.0,866303.0,158586.0,136187.0,71320.0,48063.0,60475.0,26938.0,1
340853,0.0,0.0,7.0,40.0,106.0,556502.0,221221.0,83935.0,31567.0,22190.0,7847.0,3677.0,6456.0,1
341861,0.0,0.0,14.0,44.0,69.0,332129.0,40679.0,4800.0,5246.0,9143.0,3621.0,1413.0,1603.0,1
342845,0.0,0.0,26.0,53.0,483.0,597944.0,262508.0,9245.0,78062.0,39973.0,20084.0,13160.0,5165.0,1
343851,0.0,0.0,27.0,60.0,-115.0,54384.0,15957.0,3243.0,6854.0,443.0,1191.0,739.0,492.0,1
344843,0.0,0.0,37.0,50.0,-233.0,908469.0,562403.0,103968.0,7674.0,58957.0,32995.0,18199.0,8191.0,1
345837,0.0,0.0,41.0,51.0,109.0,83803.0,52095.0,10804.0,2805.0,4375.0,7943.0,2833.0,1587.0,1
346838,0.0,0.0,38.0,57.0,-130.0,485387.0,191840.0,46784.0,70914.0,22328.0,12573.0,22801.0,22250.0,1
347828,0.0,0.0,47.0,64.0,178.0,561825.0,103496.0,143087.0,37217.0,49617.0,29870.0,15168.0,3977.0,1
348833,0.0,0.0,53.0,80.0,-36.0,1019744.0,183211.0,24300.0,177194.0,14510.0,32131.0,14566.0,19636.0,1
349819,0.0,0.0,41.0,91.0,156.0,843023.0,824772.0,383982.0,119348.0,27799.0,54447.0,90480.0,60146.0,1
350823,0.0,0.0,47.0,88.0,40.0,984625.0,43897.0,10582.0,9374.0,3934.0,4186.0,3758.0,3629.0,1
351823,0.0,0.0,38.0,70.0,-1.0,1858212.0,284563.0,50262.0,11430.0,16399.0,17201.0,35509.0,3487.0,1
352817,0.0,0.0,35.0,56.0,41.0,1647490.0,295142.0,34506.0,26277.0,38024.0,21875.0,11254.0,6927.0,1
353799,0.0,0.0,50.0,51.0,-66.0,1846434.0,134261.0,20183.0,60323.0,39222.0,36141.0,5577.0,6913.0,1
354801,0.0,0.0,47.0,56.0,152.0,1029295.0,129820.0,64937.0,36714.0,31066.0,12599.0,9362.0,7971.0,1
355804,0.0,0.0,51.0,74.0,-85.0,895217.0,147029.0,102539.0,115145.0,25006.0,30059.0,13968.0,6186.0,1
356794,0.0,0.0,53.0,75.0,85.0,1130687.0,1626403.0,164640.0,231033.0,74221.0,144355.0,58113.0,39753.0,1
357799,0.0,0.0,44.0,77.0,37.0,2081795.0,143453.0,54177.0,38092.0,25326.0,17280.0,17686.0,11071.0,1
358787,0.0,0.0,53.0,87.0,-205.0,945427.0,99792.0,212471.0,38144.0,38969.0,40192.0,21962.0,12462.0,1
359783,0.0,0.0,60.0,88.0,101.0,1249770.0,40340.0,119764.0,10716.0,31280.0,24807.0,26070.0,9262.0,1
360773,0.0,0.0,50.0,91.0,-27.0,391484.0,115124.0,19903.0,12858.0,4742.0,3884.0,3073.0,1755.0,1
361777,0.0,0.0,56.0,90.0,284.0,652188.0,117504.0,45193.0,31196.0,33300.0,26679.0,6544.0,6476.0,1
362774,0.0,0.0,56.0,78.0,70.0,137197.0,64120.0,24847.0,12104.0,4389.0,10502.0,3282.0,4537.0,1
363765,0.0,0.0,47.0,64.0,154.0,1047380.0,443505.0,85678.0,84888.0,29406.0,35662.0,29894.0,8122.0,1
364763,0.0,0.0,63.0,78.0,98.0,1593040.0,70732.0,14546.0,103063.0,22392.0,22880.0,15363.0,8891.0,1
365758,0.0,0.0,56.0,75.0,48.0,528837.0,228486.0,59617.0,46953.0,85489.0,28720.0,19443.0,11580.0,1
366760,0.0,0.0,61.0,80.0,19.0,312408.0,41827.0,10133.0,43516.0,6822.0,14193.0,5208.0,1700.0,1
367752,0.0,0.0,70.0,78.0,49.0,572168.0,55645.0,7736.0,13863.0,7299.0,13215.0,2989.0,867.0,1
368751,0.0,0.0,57.0,56.0,321.0,372627.0,154077.0,2784.0,17986.0,15631.0,6182.0,3148.0,1155.0,1
369746,0.0,0.0,48.0,63.0,-59.0,143826.0,66083.0,34470.0,26823.0,8565.0,3977.0,6743.0,3841.0,1
370740,0.0,0.0,24.0,53.0,36.0,686029.0,393666.0,65092.0,69385.0,34041.0,10619.0,12388.0,8024.0,1
371740,0.0,0.0,10.0,61.0,-81.0,1330351.0,221477.0,73313.0,105198.0,28056.0,17211.0,26054.0,6976.0,1
372731,0.0,0.0,10.0,63.0,24.0,322027.0,538278.0,93366.0,11324.0,36899.0,24497.0,23807.0,14559.0,1
373727,0.0,0.0,10.0,60.0,261.0,609401.0,75530.0,30407.0,14666.0,8110.0,3502.0,6076.0,1629.0,1
374724,0.0,0.0,21.0,66.0,-119.0,328071.0,39988.0,9789.0,27763.0,15746.0,4114.0,5546.0,2955.0,1
375719,0.0,0.0,24.0,54.0,124.0,962172.0,522674.0,33825.0,72992.0,64554.0,36341.0,22589.0,4801.0,1
376711,0.0,0.0,35.0,66.0,-61.0,1236547.0,84418.0,32521.0,33203.0,26866.0,14695.0,25466.0,10282.0,1
377711,0.0,0.0,47.0,63.0,71.0,831202.0,35532.0,13178.0,12366.0,21182.0,4741.0,2737.0,2184.0,1
378710,0.0,0.0,37.0,48.0,-86.0,590006.0,101902.0,3802.0,17444.0,26064.0,3199.0,5042.0,2250.0,1
379700,0.0,0.0,27.0,50.0,34.0,408207.0,820187.0,115899.0,75715.0,18082.0,25821.0,13359.0,8017.0,1
380700,0.0,0.0,13.0,34.0,-8.0,545045.0,814752.0,62867.0,28140.0,34444.0,23562.0,11830.0,5295.0,1
381693,0.0,0.0,10.0,35.0,81.0,1017282.0,1299005.0,512288.0,196544.0,217706.0,116048.0,39283.0,27886.0,1
382701,0.0,0.0,10.0,38.0,-7.0,783489.0,462066.0,48926.0,65897.0,40893.0,14257.0,14936.0,10009.0,1
383687,0.0,0.0,3.0,21.0,188.0,1335720.0,1029044.0,13443.0,28904.0,80023.0,14478.0,6192.0,12738.0,1
384681,0.0,0.0,14.0,38.0,153.0,189667.0,74801.0,22411.0,28785.0,5174.0,10334.0,6525.0,1487.0,1
385681,0.0,0.0,20.0,35.0,-145.0,1140930.0,201074.0,31216.0,59282.0,50173.0,26162.0,11156.0,9745.0,1
386677,0.0,0.0,40.0,43.0,97.0,1470582.0,555254.0,176953.0,203588.0,123176.0,133200.0,80103.0,23216.0,1
387674,0.0,0.0,69.0,78.0,-3.0,162096.0,69997.0,77324.0,120320.0,20466.0,56934.0,15125.0,10390.0,1
388663,0.0,0.0,69.0,66.0,172.0,185265.0,121723.0,13991.0,10548.0,10316.0,12543.0,2518.0,2364.0,1
389661,0.0,0.0,63.0,50.0,-235.0,1824361.0,864044.0,37076.0,18783.0,20378.0,47883.0,20204.0,4325.0,1
390659,0.0,0.0,57.0,60.0,-110.0,1959159.0,121795.0,189474.0,71751.0,25029.0,35993.0,15629.0,4104.0,1
391653,0.0,0.0,44.0,53.0,3.0,732971.0,198649.0,52259.0,103317.0,27819.0,17348.0,15100.0,5420.0,1
392646,0.0,0.0,40.0,54.0,43.0,1152397.0,312630.0,33738.0,46006.0,60978.0,23136.0,8008.0,3295.0,1
393648,0.0,0.0,47.0,87.0,17.0,672863.0,95799.0,220104.0,32022.0,52989.0,29197.0,21607.0,7799.0,1
394643,0.0,0.0,44.0,70.0,209.0,1250541.0,478999.0,23957.0,155230.0,44521.0,54595.0,36922.0,14230.0,1
395641,0.0,0.0,50.0,70.0,140.0,303494.0,57199.0,47492.0,5841.0,24150.0,8100.0,4043.0,2308.0,1
396639,0.0,0.0,53.0,80.0,41.0,964964.0,296069.0,82482.0,77761.0,19024.0,37390.0,23945.0,1878.0,1
397628,0.0,0.0,44.0,63.0,290.0,1939890.0,395782.0,77232.0,69406.0,73854.0,22715.0,24466.0,3597.0,1
398633,0.0,0.0,41.0,64.0,17.0,2107823.0,266045.0,69399.0,56498.0,91922.0,20570.0,16852.0,4980.0,1
399624,0.0,0.0,48.0,63.0,-530.0,481798.0,24926.0,17139.0,19576.0,30066.0,8776.0,6083.0,3197.0,1
400619,0.0,0.0,48.0,60.0,-205.0,1049457.0,142241.0,45098.0,12981.0,23869.0,16858.0,12844.0,4641.0,1
401619,0.0,0.0,50.0,66.0,204.0,696413.0,278713.0,85240.0,92207.0,47218.0,21324.0,22980.0,19659.0,1
402613,0.0,0.0,50.0,61.0,56.0,2363878.0,1467357.0,155330.0,251469.0,173570.0,106727.0,125937.0,18177.0,1
403609,0.0,0.0,38.0,64.0,101.0,270415.0,66604.0,36161.0,37371.0,16937.0,7088.0,7801.0,769.0,1
404604,0.0,0.0,41.0,74.0,171.0,324884.0,261225.0,232050.0,26759.0,39329.0,63703.0,8381.0,11409.0,1
405597,0.0,0.0,38.0,64.0,-163.0,1135473.0,573592.0,59984.0,85662.0,44511.0,24901.0,16724.0,7353.0,1
406596,0.0,0.0,47.0,74.0,172.0,1930299.0,63129.0,9775.0,54674.0,51610.0,15947.0,30829.0,7323.0,1
407587,0.0,0.0,50.0,56.0,66.0,1877796.0,517030.0,34731.0,57468.0,16102.0,37966.0,16914.0,9552.0,1
408583,0.0,0.0,41.0,66.0,242.0,1020623.0,19442.0,29480.0,35596.0,9171.0,4725.0,3643.0,2348.0,1
409588,0.0,0.0,54.0,78.0,-554.0,1178550.0,181543.0,108567.0,119364.0,36183.0,45634.0,36607.0,11420.0,1
410585,0.0,0.0,48.0,80.0,236.0,1246025.0,162496.0,61052.0,46637.0,24117.0,19053.0,14878.0,5438.0,1
411576,0.0,0.0,56.0,90.0,-90.0,89208.0,10974.0,4973.0,1793.0,2714.0,2395.0,518.0,452.0,1
412575,0.0,0.0,70.0,67.0,-33.0,291315.0,131957.0,15043.0,29786.0,21555.0,40129.0,17450.0,15700.0,1
413564,0.0,0.0,66.0,63.0,-242.0,1022701.0,341261.0,142833.0,54908.0,45877.0,46676.0,44458.0,8513.0,1
414573,0.0,0.0,80.0,56.0,402.0,755798.0,245882.0,97896.0,44621.0,144922.0,85017.0,11639.0,4689.0,1
415553,0.0,0.0,78.0,54.0,-151.0,947374.0,154028.0,37993.0,34035.0,43796.0,22833.0,14812.0,4195.0,1
416555,0.0,0.0,69.0,61.0,59.0,1925576.0,790266.0,315827.0,304318.0,400896.0,157218.0,71675.0,17555.0,1
417556,0.0,0.0,66.0,63.0,227.0,551950.0,1552823.0,494125.0,382925.0,128819.0,144561.0,27321.0,21355.0,1
418549,0.0,0.0,48.0,53.0,-27.0,897403.0,758413.0,37743.0,66733.0,82656.0,39900.0,10090.0,13108.0,1
419545,0.0,0.0,35.0,44.0,188.0,478314.0,191107.0,13185.0,14731.0,9220.0,6866.0,1644.0,858.0,1
420539,0.0,0.0,35.0,47.0,-125.0,583994.0,16723.0,12672.0,7421.0,10802.0,3746.0,1313.0,1321.0,1
421540,0.0,0.0,26.0,27.0,148.0,146010.0,105161.0,5551.0,3951.0,17150.0,3256.0,2145.0,911.0,1
422529,0.0,0.0,40.0,37.0,-3.0,1074142.0,285542.0,20155.0,92641.0,30463.0,60943.0,10343.0,9830.0,1
423532,0.0,0.0,47.0,47.0,-88.0,1285229.0,812366.0,70916.0,192148.0,44095.0,58318.0,5611.0,5157.0,1
424520,0.0,0.0,40.0,37.0,188.0,912824.0,573360.0,85326.0,68981.0,37375.0,44831.0,6408.0,8813.0,1
425521,0.0,0.0,48.0,48.0,-185.0,2306431.0,393708.0,55585.0,72590.0,103992.0,35729.0,19885.0,4088.0,1
426516,0.0,0.0,61.0,53.0,259.0,1762600.0,103125.0,99539.0,89752.0,141085.0,131744.0,32662.0,35041.0,1
427514,0.0,0.0,77.0,54.0,121.0,1397581.0,799614.0,209290.0,342045.0,309604.0,290842.0,115533.0,30299.0,1
428516,0.0,0.0,88.0,57.0,-141.0,458830.0,39155.0,13524.0,5243.0,10774.0,9794.0,4025.0,4928.0,1
429501,0.0,26.0,88.0,57.0,140.0,1572403.0,520765.0,28443.0,113420.0,40864.0,111094.0,32826.0,16260.0,1
430502,0.0,0.0,100.0,66.0,811.0,99722.0,139343.0,108953.0,62027.0,142087.0,91949.0,19729.0,27594.0,1
431495,0.0,26.0,100.0,66.0,296.0,513610.0,13293.0,4622.0,24330.0,9757.0,7655.0,3736.0,862.0,1
